,0,1
0,0,387
1,0,204
